1 90589.286227 716031.872625
1 90824.1204555 716072.361256
1 91091.345662 716114.46951
1 91206.3334348 716190.588181
1 91162.6057413 716456.193767
1 91297.0280646 716477.247938
1 91355.3317164 716180.870906
1 91347.2339718 716167.914569
1 91399.0595005 715832.668436
1 91418.4940511 715743.917297
2 90643.8346552 715769.219566
2 90907.3562906 715814.343144
2 90930.8205477 715655.508152
2 90995.7984207 715265.640643
2 91354.9820202 715316.179029
2 91488.5477285 715341.448222
2 91510.2070497 715226.473317
2 91669.0419509 715255.352472
2 91791.7780439 715271.596895
2 91961.0816276 715231.888215
3 91425.013768 715720.666627
3 91482.7718974 715356.06822
4 91980.9360129 715231.527191
4 92146.9907483 715222.502512
4 92542.2730654 715507.683378
4 92724.5723144 715796.474206
4 92829.2589579 715919.210299
4 92932.1406656 716121.002819
5 92744.9933361 718353.811084
5 92170.0929851 718247.176328
5 91859.4613271 718196.177148
5 91780.6443135 718720.078318
5 91729.6451334 719035.346282
5 91720.3725222 719151.253559
5 92286.0003527 719234.706878
5 92225.7284708 719679.791035
5 92494.6335599 719814.243535
5 92712.5392877 719846.697583
5 92921.1724949 719786.425792
5 93004.625814 719369.159377
5 93352.3478261 719415.522342
5 93746.4328033 719160.52617
5 93778.8868517 718961.165574
5 93825.2497262 718627.352388
5 93737.1601921 718502.1725
5 92782.0836901 718358.44739
5 92744.9933361 718353.811084
